название;широта;долгота;минимальная скорость м/с;максимальная скорость м/с
Москва (Центр);55.64232;37.5203900000001;0;17
Москва (ВВЦ);55.8262600313045;37.637959916905;0;20
Москва (Немчиновка);55.823509691174;37.5677808117905;0;25
Москва (Тушино);55.83277;37.42229;0;22
Москва (Шереметьево);55.4255800000001;37.14854;0;25
Волоколамск;56.03432;35.9589800000001;0;26
Дмитров;56.1667100000001;37.52349;0;23
Истра;55.9207700000001;36.85641;0;20
Кашира;54.8229200000001;38.15158;0;22
Клин;56.33655;36.7193300000001;0;25
Коломна;55.0939500000001;38.7690700000001;0;23
Можайск;55.50683;36.01615;0;24
Наро-Фоминск;55.3880800000001;36.7401100000001;0;23
Павловский Посад;55.77547;38.6527400000001;0;24
Серпухов;54.9212000000001;37.4068;0;22
Черусти (Шатурский р-н);55.5444800000001;40.0068400000001;0;23
Шишкин Лес(Подольский район);47.7334700000001;29.6714000000001;0;24
Архангельск;64.5384300000001;40.5149000000001;0;22
Вельск;61.06568;42.0926000000001;0;18
Верхняя Тойма;62.23398;45.00206;0;20
Двинской Березник;62.8487400000001;42.73366;0;22
Емецк (Холмогорский р-н);63.47236;41.77784;0;22
Ильинско-Подомское;61.1129900000001;47.9808100000001;0;23
Каргополь;61.50942;38.9357200000001;0;22
Карпогоры;63.99832;44.4448400000001;0;30
Койнас (Лешуконский р-н);64.7560300000001;47.63561;0;17
Конёво (Плесецкий район);62.1220200000001;39.3209900000001;0;25
Коноша;60.97283;40.2547000000001;0;19
Котлас;61.26417;46.6714700000001;0;24
Красноборск;61.5575000000001;45.94345;0;19
Лешуконское;64.8988200000001;45.75775;0;24
Мезень;65.8360400000001;44.24899;0;25
Няндома;61.6757600000001;40.19825;0;20
Онега;63.9053500000001;38.09493;0;24
Пинега;64.70248;43.39435;0;20
Посад (Онежский район);63.10655;39.2454500000001;0;22
Северодвинск;64.5619100000001;39.8265400000001;0;24
Соловецкий (Приморский район);64.6288155;40.48083675;0;23
Сура (Пинежский район);63.5757400000001;45.63919;0;22
Холмогоры;64.22977;41.64484;0;23
Шангалы (Устьянский р-н);61.12861;43.33414;0;31
Шенкурск;62.1056100000001;42.91114;0;23
Яренск;62.1830600000001;49.0819200000001;0;21
Уфа;54.7496600000001;55.98571;0;23
Акъяр (Хайбуллинский р-н);51.8673700000001;58.22923;0;20
Аксаково(Белебеевский р-н);54.0294200000001;54.15907;0;21
Аскино;56.0852;56.5778700000001;0;24
Бирск;55.41335;55.53993;0;25
Зилаир;52.2362400000001;57.44658;0;21
Стерлитамак;53.63712;55.93656;0;20
Янаул;56.2645000000001;54.92792;0;24
Горно-Алтайск;51.95874;85.95932;0;20
Артыбаш (Турочакский р-н);51.78839;87.2467600000001;0;21
Катанда(Усть-Коксинский район);50.1468600000001;86.17909;0;23
Кош-Агач;49.9955200000001;88.6657500000001;0;28
Майма;52.0044600000001;85.9034500000001;0;25
Онгудай;50.7517700000001;86.14619;0;21
Турочак;52.25519;87.1193700000001;0;28
Усть-Кан;50.9294300000001;84.7621300000001;0;24
Усть-Кокса;50.2705;85.6121000000001;0;21
Чемал;51.4161;85.9971200000001;0;24
Шебалино;51.2941700000001;85.68681;0;26
Белгород;50.59614;36.58849;0;20
Валуйки;50.20475;38.12557;0;19
Губкин;51.2861;37.5302500000001;0;22
Новый Оскол;50.74564;37.8951700000001;0;20
Пролетарский;50.79353;35.7760900000001;0;21
Старый Оскол;51.3044600000001;37.81262;0;23
Вологда;59.22238;39.8840200000001;0;23
Бабаево;59.3897900000001;35.9378100000001;0;19
Белозерск;60.0310600000001;37.7893100000001;0;25
Великий Устюг;60.77486;46.2750600000001;0;23
Вожега;60.4711500000001;40.2022600000001;0;24
Вытегра;61.0077900000001;36.44437;0;25
Никольск;53.7067400000001;46.0811;0;21
Тотьма;59.9593800000001;42.75091;0;24
Ферапонтово (Кирилловский район);59.9536100000001;38.5908000000001;0;19
Череповец;59.1543500000001;37.8563600000001;0;23
Киров;58.5937000000001;49.6568;0;21
Вятские Поляны;56.2227700000001;51.0759;0;24
Кирс;59.3365600000001;52.22619;0;24
Котельнич;58.3029100000001;48.3439700000001;0;22
Кумёны;58.1112800000001;49.9479600000001;0;19
Лальск (Лузский район);60.7398700000001;47.5864;0;27
Нолинск;57.5561300000001;49.9416200000001;0;25
Опарино;59.84882;48.2688200000001;0;22
Барнаул;53.30868;83.7750800000001;0;25
Алейск;52.48528;82.7583500000001;0;29
Баево;53.26914;80.7806200000001;0;26
Белокуриха;52.0025800000001;84.9920200000001;0;22
Бийск;52.55204;85.20081;0;30
Благовещенка;52.8205400000001;79.8829600000001;0;27
Волчиха;52.01707;80.3659200000001;0;34
Горняк;50.9991000000001;81.48697;0;28
Заринск;53.6928100000001;84.9163600000001;0;28
Змеиногорск;51.1621000000001;82.18629;0;26
Зональное;52.6703000000001;84.9296600000001;0;27
Камень-на-Оби;53.7897100000001;81.33946;0;28
Ключи;52.2509400000001;79.1695800000001;0;24
Краснощёково;51.66148;82.74066;0;28
Кулунда;52.5638200000001;78.94696;0;23
Мамонтово;52.7031600000001;81.6264300000001;0;23
Поспелиха;51.99147;81.8249300000001;0;32
Ребриха;53.0742500000001;82.33919;0;28
Родино;52.49634;80.2108200000001;0;28
Рубцовск;51.52775;81.2168500000001;0;40
Славгород;52.9948400000001;78.6286000000001;0;26
Солонешное;51.66004;84.3186800000001;0;29
Тальменка;53.8181900000001;83.5641600000001;0;21
Тогул;53.46835;85.9147500000001;0;24
Троицкое;49.4406300000001;136.55566;0;23
Угловское;51.37343;80.1957400000001;0;28
Усть-Калманка;52.1172900000001;83.3012000000001;0;30
Усть-Чарышская Пристань;52.39268;83.66655;0;31
Хабары;53.6220200000001;79.53693;0;27
Целинное;53.0817400000001;85.66625;0;32
Чарышское;51.40261;83.55294;0;24
Шелаболиха;53.41263;82.6186200000001;0;30
Шипуново;52.2202100000001;82.26223;0;28
Брянск;53.2341200000001;34.357;0;19
Жуковка;53.5171300000001;33.7345800000001;0;25
Карачев;53.1186500000001;34.99026;0;21
Красная Гора;52.9950200000001;31.60826;0;23
Навля;52.8239800000001;34.5054700000001;0;19
Трубчевск;52.58092;33.7693600000001;0;22
Унеча;52.8424000000001;32.6733600000001;0;20
Калининград;54.7090400000001;20.5081500000001;0;25
Балтийск;54.63471;19.88086;0;29
Железнодорожный (Правдинский район);54.3611500000001;21.3052700000001;0;28
Пионерский;54.9532;20.22459;0;29
Советск;55.0781700000001;21.88564;0;25
Черняховск;54.63795;21.81107;0;27
Йошкар-Ола;56.63185;47.89793;0;27
Козьмодемьянск;56.3378000000001;46.5763900000001;0;21
Новый Торъял;57.0060800000001;48.7358400000001;0;28
Улан-Удэ;51.8415400000001;107.60912;0;28
Бабушкин (Кабанский р-н);51.71705;105.86135;0;19
Багдарин;54.4468400000001;113.5855;0;20
Баргузин;53.61314;109.63928;0;29
Баунт;55.2587300000001;113.12736;0;22
Бичура;50.58709;107.5941;0;26
Горячинск (Прибайкальский район);52.98524;108.29641;0;23
Давша(Северо-Байкальский р-н);54.3558;109.50593;0;24
Кабанск;52.0499100000001;106.65932;0;24
Курумкан;54.3321300000001;110.31402;0;28
Кырен;51.6808500000001;102.12375;0;22
Кяхта;50.33464;106.47705;0;28
Монды (Тункинский район);51.67598;100.99805;0;25
Мухоршибирь;51.0577700000001;107.82552;0;22
Нижнеангарск;55.7921000000001;109.5886;0;19
Новоселенгинск (Селенгинский район);51.0951900000001;106.61289;0;34
Орлик;52.51534;99.82676;0;17
Петропавловка;50.6103000000001;105.32205;0;28
Романовка(Баунтовский район);51.74821;42.7577900000001;0;24
Сосново-Озерское;52.5314700000001;111.51776;0;26
Танхой (Кабанский район);51.5543200000001;105.11563;0;20
Тунка;51.74179;102.54236;0;21
Уакит (Баунтовский р-н);55.4874300000001;113.63594;0;23
Усть-Баргузин (Баргузинский район);53.40497;109.05077;0;20
Хоринск;52.1675200000001;109.7712;0;28
Цакир (Закаменский р-н);50.4483500000001;103.57164;0;24
Владимир;56.1303500000001;40.4101000000001;0;20
Вязники;56.23544;42.11161;0;19
Гусь-Хрустальный;55.6117100000001;40.66119;0;22
Муром;55.5738400000001;42.0360000000001;0;19
Петушки;55.9363500000001;39.4577;0;19
Юрьев-Польский;56.49722;39.67116;0;19
Петрозаводск;61.79013;34.35049;0;23
Беломорск;64.5196500000001;34.75816;0;42
Валаам(Сортавальский район);61.38903;30.94962;0;26
Калевала;65.1976300000001;31.1806;0;24
Кемь;64.95448;34.5840400000001;0;24
Колежма (Беломорский район);64.11652;35.72983;0;25
Кондопога;62.20536;34.24091;0;22
Медвежьегорск;62.9178600000001;34.4498100000001;0;20
Олонец;60.9794000000001;32.97648;0;24
Паданы(Медвежьегорский район);63.28184;33.41688;0;27
Пудож;61.8053800000001;36.5280300000001;0;23
Реболы (Муезерский р-н);63.8320600000001;30.8054000000001;0;21
Сегежа;63.74951;34.29123;0;23
Сортавала;61.70237;30.68944;0;22
Суоярви;62.08128;32.35628;0;22
Энгозеро (Лоухский р-н);65.7836600000001;33.9368200000001;0;19
Саранск;54.1894500000001;45.1827700000001;0;22
Краснослободск;48.7046;44.55931;0;27
Темников;54.62845;43.2053100000001;0;22
Чита;52.02446;113.51297;0;27
Агинское;55.2606000000001;94.9145300000001;0;25
Аксёново-Зиловское (Чернышевский район);53.07626;117.50598;0;19
Акша;50.2853400000001;113.2873;0;25
Александровский Завод;50.9202000000001;117.92668;0;30
Балей;51.57795;116.64881;0;24
Борзя;50.3904800000001;116.53467;0;31
Бургень (Читинский район);52.42224;113.78118;0;22
Верх-Усугли;52.68618;115.1949;0;27
Газимурский Завод;51.55388;118.34763;0;19
Дульдурга;50.6779000000001;113.58747;0;21
Кайластуй (Краснокаменский район);49.83595;118.40183;0;24
Карымское;51.61965;114.31124;0;26
Красный Чикой;50.3709200000001;108.73988;0;24
Курорт-Дарасун (Карымский район);51.20248;113.71016;0;23
Кыра;49.5756400000001;111.97298;0;28
Могзон (Хилокский район);51.7482400000001;111.95437;0;28
Могоча;53.7356600000001;119.75947;0;22
Нерчинск;51.9949300000001;116.55183;0;24
Нерчинский Завод;51.3118900000001;119.59948;0;20
Оловянная;50.9376300000001;115.56374;0;28
Петровск-Забайкальский;51.2848300000001;108.83284;0;21
Приаргунск;50.36456;119.08214;0;27
Сретенск;52.2263100000001;117.68128;0;21
Тунгокочен;53.54022;115.60797;0;26
Тупик;54.92127;42.3865700000001;0;21
Улёты;51.3601200000001;112.49231;0;30
Усть-Каренга (Тунгокоченский район);54.4392300000001;116.52282;0;25
Харанор(Забайкальский район);50.11051;116.65988;0;27
Хилок;51.3529800000001;110.47069;0;21
Чара;56.90972;118.26978;0;21
Чернышевск;52.5379500000001;116.99957;0;28
Шелопугино;51.64662;117.56516;0;22
Шилка;51.85576;116.03777;0;27
Анна;51.4900400000001;40.42254;0;23
Богучар;49.93575;40.5573000000001;0;24
Борисоглебск;51.37636;42.07768;0;17
Воронеж;51.6678200000001;39.2069500000001;0;21
Калач;50.4262900000001;41.0198;0;27
Лиски;50.97983;39.5148;0;20
Нижнедевицк;51.5648200000001;38.36188;0;21
Павловск;50.45072;40.1404600000001;0;21
Таловая;51.11539;40.72605;0;23
Сыктывкар;61.67098;50.81093;0;23
Большелуг (Корткеросский район);62.1319800000001;52.49532;0;20
Вендинга (Удорский район);63.44104;47.9097100000001;0;18
Ветью (Княжпогостский р-н);62.9435300000001;50.7945700000001;0;20
Воркута;67.5047400000001;64.04767;0;31
Вуктыл;63.84414;57.3007600000001;0;20
Ижма;65.0146500000001;53.9237800000001;0;22
Ираёль (Сосногорский р-н);64.41497;55.19606;0;19
Кедвавом (округ Ухта);64.2269200000001;53.5704500000001;0;20
Койгородок;60.4475200000001;51.00226;0;23
Кослан;63.4564800000001;48.8945600000001;0;24
Объячево;60.3283900000001;49.64351;0;24
Окунев Нос(Усть-Цилемский район);66.2463300000001;52.56496;0;20
Петрунь (округ Инта);66.4764900000001;60.7274800000001;0;23
Печора;65.14318;57.21133;0;24
Помоздино(Усть-Куломский район);62.19379;54.18667;0;20
Троицко-Печорск;62.7082500000001;56.19043;0;19
Усть-Кулом;61.68526;53.70428;0;24
Усть-Уса (Усинский район);56.98209;52.18753;0;21
Усть-Цильма;65.43544;52.15475;0;26
Усть-Щугер(Вуктыльский район);64.26748;57.6219;0;23
Ухта;63.56215;53.68442;0;24
Якша(Троицко-Печорский р-н);61.8274700000001;56.8250800000001;0;17
Нижний Новгород;56.3214600000001;44.03268;0;22
Арзамас;55.39777;43.82536;0;28
Большое Болдино;55.0036400000001;45.3107000000001;0;24
Ветлуга;57.8512200000001;45.7794500000001;0;23
Выкса;55.31735;42.1812;0;21
Городец;56.64561;43.4762000000001;0;24
Дальнее Константиново;55.8037;44.08707;0;24
Красные Баки;57.12634;45.1539000000001;0;20
Лукоянов;55.0295600000001;44.49105;0;22
Лысково;56.03916;45.0461000000001;0;25
Павлово;55.9433300000001;43.10157;0;22
Сергач;55.53198;45.4660000000001;0;24
Шахунья;57.6761300000001;46.6151800000001;0;24
Иркутск;52.3002500000001;104.24685;0;22
Иркутск - аэропорт;52.2731599306077;104.353410075162;0;25
Ангарск;52.5443300000001;103.88766;0;24
Байкальск(Слюдянский район);51.5152400000001;104.13851;0;16
Балаганск;54.0104400000001;103.05709;0;27
Братск;56.17632;101.59997;0;21
Ербогачён;61.2705500000001;108.00985;0;15
Жигалово;54.81273;105.1521;0;23
Залари;53.57606;102.51975;0;22
Зима;53.91965;102.04555;0;22
Инга (Черемховский р-н);52.9729400000001;101.96997;0;28
Казачинское;57.7021700000001;93.26766;0;24
Карам(Казачинско-Ленский р-н);55.14165;107.59608;0;17
Качуг;53.9587000000001;105.89122;0;19
Киренск;57.7739700000001;108.09831;0;27
Мама;58.2968100000001;112.90937;0;32
Мамакан(Бодайбинский район);57.81647;114.0086;0;20
Нижнеудинск;54.91551;99.03803;0;22
Преображенка (Катангский район);60.0254600000001;108.09201;0;19
Слюдянка;51.65923;103.7149;0;22
Тайшет;55.9280800000001;97.97324;0;23
Тангуй (Братский район);55.38536;101.03177;0;22
Тулун;54.5620500000001;100.57971;0;19
Усть-Кут;56.77977;105.73766;0;20
Хужир (Ольхонский район);53.19338;107.3451;0;24
Червянка (Чунский район);57.65452;99.54474;0;24
Черемхово;53.13861;103.078;0;24
Иваново;56.9956700000001;40.97882;0;22
Кинешма;57.43643;42.1235600000001;0;20
Приволжск;57.37692;41.26653;0;20
Шуя;56.85326;41.38509;0;21
Юрьевец;57.30983;43.0975500000001;0;23
Санкт-Петербург;59.93318;30.3060400000001;0;22
Винницы(Подпорожский район);60.6281000000001;34.7814100000001;0;25
Воейково(Всеволожский район);59.9513900000001;30.7066600000001;0;23
Вознесенье (Подпорожский район);61.0116;35.48281;0;19
Волосово;59.44611;29.47459;0;28
Выборг;60.7131000000001;28.74787;0;29
Ефимовский(Бокситогорский район);59.49816;34.6694400000001;0;23
Кингисепп;59.3757200000001;28.62303;0;21
Кириши;59.4576900000001;32.01921;0;22
Кронштадт;59.99379;29.77621;0;26
Лесогорский(Выборгский район);61.08914;28.9017400000001;0;20
Лодейное Поле;60.7343000000001;33.54938;0;20
Ломоносов;59.91556;29.7669700000001;0;22
Любань (Тосненский р-н);59.34265;31.2479000000001;0;20
Новая Ладога(Волховский район);60.1036300000001;32.31179;0;24
Озерки (Выборгский р-н);60.31408;29.6736500000001;0;29
Ретюнь (Лужский р-н);58.5613700000001;29.8015100000001;0;21
Сиверский (Гатчинский р-н);59.3503700000001;30.0595000000001;0;23
Сосново (Приозерский р-н);60.5613000000001;30.2168600000001;0;23
Тихвин;59.6450300000001;33.5160900000001;0;23
Шлиссельбург(Кировский район);59.9458500000001;31.03401;0;22
Оренбург;51.76746;55.0951600000001;0;24
Абдулино;53.68145;53.64867;0;24
Акбулак;50.9996600000001;55.6264400000001;0;26
Беляевка;51.3985700000001;56.4074200000001;0;26
Бугуруслан;53.65457;52.4360300000001;0;28
Бузулук;52.78635;52.2618900000001;0;22
Домбаровский;50.75917;59.5457700000001;0;24
Илек;51.5261300000001;53.38345;0;20
Красноярский(Кваркенский район);52.0847200000001;59.7242000000001;0;31
Кувандык;51.4712400000001;57.3677300000001;0;26
Новосергиевка;52.10382;53.6481800000001;0;20
Озёрный (Светлинский р-н);51.1125500000001;60.8982500000001;0;26
Орск;51.1495800000001;58.6365300000001;0;27
Первомайский;49.3971000000001;36.22261;0;21
Соль-Илецк;51.1623200000001;54.9813800000001;0;23
Сорочинск;52.4309000000001;53.16092;0;24
Троицкое(Асекеевский район);53.3621400000001;52.82944;0;24
Троицкое(Тюльганский район);52.32325;56.371;0;21
Шарлык;52.9265500000001;54.71543;0;21
Энергетик(Новоорский район);51.73758;58.7925200000001;0;24
Кемерово;55.38919;86.1069100000001;0;21
Белово;54.4194900000001;86.30773;0;27
Берёзовский;55.56237;86.2004400000001;0;24
Киселёвск;54.0116100000001;86.6759400000001;0;28
Кондома(Таштагольский район);52.8203;87.2736300000001;0;25
Крапивинский;55.00244;86.8059000000001;0;24
Красное(Ленинск-Кузнецкий р-н);54.6196;85.39419;0;25
Кузедеево (Новокузнецкий район);53.3267200000001;87.1425600000001;0;26
Мариинск;56.2171900000001;87.7723100000001;0;27
Междуреченск;53.7015000000001;88.0247100000001;0;24
Новокузнецк;53.7577200000001;87.11922;0;33
Промышленная;54.9140800000001;85.6377400000001;0;24
Тайга;56.0648;85.6313600000001;0;26
Таштагол;52.7706600000001;87.8914600000001;0;22
Тисуль;55.7656600000001;88.31237;0;29
Топки;55.2742200000001;85.6188000000001;0;26
Тяжинский;56.1105000000001;88.5161800000001;0;25
Усть-Кабырза (Таштагольский район);52.82275;88.4467900000001;0;20
Юрга;55.71651;84.94052;0;24
Яя;56.20635;86.3990800000001;0;25
Калуга;54.5139;36.26403;0;23
Жиздра;53.7563500000001;34.7385200000001;0;21
Малоярославец;55.0126300000001;36.4621000000001;0;19
Мосальск;54.48794;34.98382;0;21
Спас-Деменск;54.4099200000001;34.0204200000001;0;21
Сухиничи;54.1009000000001;35.3367700000001;0;24
Нарьян-Мар;67.6378000000001;53.0127400000001;0;22
Амдерма;69.7622900000001;61.6600100000001;0;38
Бугрино;57.0449400000001;40.14349;0;32
Индига;67.65867;49.0300500000001;0;29
Коткино;58.04607;38.39219;0;25
Несь;66.6023300000001;44.68393;0;30
Нижняя Пёша;66.75251;47.75363;0;24
Усть-Кара;69.2436000000001;64.9185000000001;0;31
Хорей-Вер;67.43012;58.0481800000001;0;27
Шойна;67.87818;44.15313;0;30
Пенза;53.2077100000001;45.0056200000001;0;21
Белинский;52.96851;43.4249100000001;0;23
Городище;48.8049600000001;44.4805700000001;0;28
Земетчино;53.49015;42.60988;0;22
Каменка;53.18082;44.00755;0;23
Кондоль;52.80906;45.0603400000001;0;24
Пачелма;53.3362300000001;43.29873;0;22
Радищево (Кузнецкий р-н);53.0462900000001;46.4268300000001;0;23
Красноярск;56.0146800000001;92.87089;0;24
Абан;56.6777500000001;96.0662800000001;0;24
Агинское;55.2606000000001;94.9145300000001;0;25
Артёмовск(Курагинский район);54.3463400000001;93.4400000000001;0;22
Ачинск;56.2391400000001;90.4659700000001;0;26
Байкит (Эвенкийский р-н);61.6795200000001;96.3805300000001;0;23
Балахта;55.38181;91.6266800000001;0;26
Боготол;56.2101900000001;89.5318700000001;0;28
Богучаны;58.38318;97.4475100000001;0;21
Большая Мурта;56.9100100000001;93.13608;0;23
Большой Улуй;56.6563;90.5689400000001;0;24
Бор (Туруханский район);61.5918500000001;90.0416500000001;0;22
Ванавара(Эвенкийский район);60.34887;102.279;0;27
Верхнеимбатск (Туруханский район);63.15236;87.97033;0;23
Волочанка(Таймырский район);69.4089000000001;88.29411;0;30
Ворогово (Туруханский р-н);61.02115;89.6172900000001;0;24
Дзержинское;56.8323600000001;95.2131900000001;0;20
Дивногорск;55.96401;92.3802000000001;0;21
Диксон (Таймырский р-н);69.4089000000001;88.29411;0;34
Дудинка;69.40963;86.19316;0;28
Енисейск;58.4532;92.1731300000001;0;23
Ермаковское;53.27714;92.37041;0;28
Жуковка (Козульский р-н);56.09916;91.7183200000001;0;27
Игарка;67.4607500000001;86.5538100000001;0;23
Идринское;54.3721200000001;92.1368000000001;0;22
Ирбейское;55.64329;95.45318;0;27
Казачинское;57.7021700000001;93.26766;0;20
Канск;56.2031000000001;95.7185900000001;0;30
Каратузское;53.60258;92.8740900000001;0;22
Караул (Таймырский р-н);69.4089000000001;88.29411;0;41
Кача (Емельяновский р-н);56.1017800000001;92.21585;0;27
Кузьмовка(Эвенкийский район);62.3142800000001;92.11269;0;20
Курагино;53.8840000000001;92.6786700000001;0;25
Лебяжье (Краснотуранский район);54.1928500000001;91.5749200000001;0;25
Минусинск;53.6775400000001;91.7089500000001;0;24
Мотыгино;58.18249;94.6861600000001;0;19
Назарово;56.01131;90.4167600000001;0;24
Норильск;69.3457500000001;88.21482;0;31
Пировское;57.62174;92.2737700000001;0;24
Потапово (Таймырский р-н);69.4089000000001;88.29411;0;30
Светлогорск(Туруханский район);66.9399100000001;88.36411;0;24
Светлолобово (Новосёловский район);55.09407;90.8507700000001;0;30
Северо-Енисейский;60.3857800000001;93.0483500000001;0;28
Стрелка (Лесосибирск);58.07957;93.0312300000001;0;24
Стрелка-Чуня (Эвенкийский район);61.73713;102.80372;0;15
Сухобузимское;56.50109;93.2751000000001;0;25
Сым (Енисейский район);60.34853;88.3660800000001;0;25
Тасеево;57.21466;94.8943400000001;0;24
Тура;64.27243;100.20623;0;24
Туруханск;65.7971800000001;87.9557700000001;0;23
Тутончаны(Эвенкийский район);64.21011;93.7983100000001;0;29
Тюхтет;56.5390200000001;89.3120400000001;0;24
Ужур;55.32201;89.8510600000001;0;25
Уяр;55.81055;94.3298;0;28
Хатанга (Таймырский р-н);69.4089000000001;88.29411;0;25
Шалинское;55.71858;93.7624400000001;0;28
Шарыпово;55.5416500000001;89.1951500000001;0;26
Щетинкино(Курагинский район);54.5426600000001;93.43622;0;24
Ярцево (Енисейский р-н);60.2451600000001;90.2268800000001;0;23
Кострома;57.76705;40.9272500000001;0;22
Буй;58.4808;41.5152800000001;0;18
Вохма;58.9306500000001;46.7595700000001;0;21
Галич;58.3822400000001;42.34831;0;20
Кологрив;58.8252200000001;44.3111200000001;0;18
Макарьев;57.8912300000001;43.7992100000001;0;18
Николо-Полома (Парфеньевский район);58.33914;43.3779900000001;0;26
Пыщуг;58.8864;45.71718;0;23
Чухлома;58.7524700000001;42.70804;0;21
Шарья;58.3694600000001;45.5175600000001;0;24
Великий Новгород;58.5233900000001;31.27009;0;26
Боровичи;58.38892;33.8991500000001;0;21
Демянск;57.6425100000001;32.46367;0;21
Крестцы;58.2489100000001;32.5215900000001;0;21
Малая Вишера;58.8455300000001;32.2213600000001;0;18
Охона (Пестовский район);58.5690200000001;35.6219300000001;0;24
Старая Русса;57.9989200000001;31.3550300000001;0;23
Холм;58.90144;33.39295;0;19
Пермь;58.0076100000001;56.2279800000001;0;24
Березники;59.4079300000001;56.8042;0;22
Бисер (Горнозаводский р-н);58.5129200000001;58.87298;0;22
Верещагино;58.07892;54.6528900000001;0;24
Гайны;60.29992;54.34272;0;21
Губаха;58.8528000000001;57.5507700000001;0;18
Добрянка;58.4752500000001;56.4102;0;19
Коса;59.9455300000001;54.99976;0;20
Кочёво;59.59858;54.3142500000001;0;24
Кудымкар;59.0145200000001;54.66321;0;24
Лысьва;58.1011100000001;57.8114100000001;0;24
Ножовка (Частинский р-н);57.1028700000001;54.7244200000001;0;28
Ныроб (Чердынский район);60.7429900000001;56.7326;0;25
Октябрьский;54.4837200000001;53.47851;0;21
Оса;57.28081;55.45543;0;28
Оханск;57.72222;55.3896300000001;0;24
Чайковский;56.7675400000001;54.1089400000001;0;22
Чердынь;60.40232;56.4829700000001;0;23
Чернушка;56.4954200000001;56.06838;0;23
Новосибирск (ГЭС);54.8551100000001;82.9869400000001;0;19
Новосибирск(Северо-Чемской);54.9572600000001;82.9625;0;20
Баган;54.1027100000001;77.69253;0;24
Барабинск;55.3553000000001;78.39187;0;24
Болотное;55.6659000000001;84.3827200000001;0;24
Венгерово;55.68048;76.7358100000001;0;30
Довольное;54.4960100000001;79.6648200000001;0;27
Здвинск;54.70847;78.6829500000001;0;26
Искитим;54.64068;83.30391;0;26
Карасук;53.7284300000001;78.0530600000001;0;28
Каргат;55.1943200000001;80.2688000000001;0;28
Квашнино(Барабинский район);55.01426;77.84752;0;24
Колывань;55.3055000000001;82.72058;0;28
Коченёво;55.04398;82.2312600000001;0;23
Кочки;54.3353000000001;80.4926;0;31
Краснозёрское;53.9786700000001;79.24172;0;29
Краснообск (Новосибирский район);54.9217200000001;82.99091;0;28
Купино;54.3702500000001;77.31901;0;29
Кыштовка;56.5590700000001;76.62269;0;26
Маслянино;54.34369;84.2031700000001;0;28
Мошково;55.30397;83.6098500000001;0;19
Ордынское;54.3638700000001;81.9109800000001;0;22
Посевная(Черепановский район);54.2958400000001;83.3335200000001;0;25
Северное;56.3503600000001;78.36562;0;26
Сузун;53.7880500000001;82.31318;0;24
Татарск;55.21842;76.03659;0;24
Тогучин;55.2380600000001;84.4027100000001;0;28
Убинское;55.3031;79.6682200000001;0;27
Ужаниха (Чулымский р-н);54.6836900000001;81.0519300000001;0;24
Усть-Тарка;55.56611;75.70426;0;26
Чаны;55.3203500000001;76.79675;0;28
Чистоозёрное;54.71581;76.5948100000001;0;30
Чулым;55.0961;80.95473;0;26
Курск;51.7313300000001;36.1928100000001;0;23
Курчатов;51.6565600000001;35.6558400000001;0;21
Обоянь;51.2101900000001;36.2684100000001;0;23
Поныри;52.3162800000001;36.29474;0;21
Рыльск;51.56897;34.6753;0;22
Тим;51.62809;37.1294100000001;0;24
Фатеж;52.08968;35.8589700000001;0;19
Мурманск;68.97229;33.08808;0;31
Варзуга (Терский район);66.39392;36.58766;0;27
Видяево;69.3252600000001;32.81285;0;32
Зареченск (Кандалакшский район);66.6812400000001;31.4262900000001;0;17
Кандалакша;67.15225;32.4160800000001;0;20
Каневка (Ловозерский р-н);67.12694;39.6725500000001;0;22
Ковда (Кандалакшский р-н);66.69271;32.8706700000001;0;23
Ковдор;67.5733700000001;30.47698;0;27
Краснощелье (Ловозерский район);67.3488100000001;37.04601;0;23
Ловозеро;68.00701;35.0243300000001;0;26
Лопарская (Кольский р-н);68.6281200000001;33.2379;0;22
Мончегорск;67.9380200000001;32.93591;0;30
Никель;69.4075300000001;30.2228200000001;0;28
Полярные Зори;67.3662400000001;32.5004300000001;0;24
Полярный;69.1963500000001;33.4567500000001;0;31
Пялица (Терский район);66.19237;39.5223;0;27
Умба;66.6853;34.3455000000001;0;23
Самара;53.1917100000001;50.19091;0;22
Алексеевка;50.60427;38.65887;0;27
Безенчук;52.98319;49.4442000000001;0;19
Большая Глушица;52.39507;50.4581600000001;0;26
Кинель-Черкассы;53.4668800000001;51.49845;0;22
Клявлино;54.2920100000001;52.0092000000001;0;20
Курумоч (аэропорт);51.7727800000001;55.3219300000001;0;29
Лопатино (Волжский р-н);53.07761;50.21646;0;25
Новодевичье(Шигонский район);53.6071000000001;48.8441;0;24
Новокуйбышевск;53.0945300000001;49.9412800000001;0;20
Сергиевск;53.9410800000001;51.1619400000001;0;25
Смышляевка(Волжский район);53.2537400000001;50.3955;0;20
Сызрань;53.1579300000001;48.4794400000001;0;25
Тольятти;53.5088900000001;49.4215800000001;0;26
Челно-Вершины;54.4147400000001;51.08133;0;27
Омск;54.9947100000001;73.36476;0;24
Большеречье;56.09547;74.64036;0;27
Большие Уки;56.94791;72.6283300000001;0;26
Знаменское;43.66963;45.1229200000001;0;26
Исилькуль;54.9050700000001;71.26257;0;28
Калачинск;55.05231;74.5799900000001;0;27
Любимовка (Оконешниковский р-н);54.66583;75.11161;0;28
Называевск;55.5636000000001;71.35369;0;24
Одесское;54.2110900000001;72.96396;0;28
Павлоградка;54.19807;73.55861;0;27
Полтавка;54.3673600000001;71.7570400000001;0;28
Русская Поляна;53.7772000000001;73.8692300000001;0;25
Саргатское;55.6099100000001;73.4993900000001;0;28
Седельниково;56.9480300000001;75.2994400000001;0;24
Тара;56.8968400000001;74.3862800000001;0;23
Тевриз;57.51775;72.40434;0;27
Тюкалинск;55.8760100000001;72.2126000000001;0;25
Усть-Ишим;57.69138;71.16535;0;28
Черлак;54.15889;74.8271800000001;0;28
Шербакуль;54.62638;72.42395;0;30
Липецк;52.6055600000001;39.5975;0;29
Елец;52.59299;38.4881;0;22
Лев Толстой;53.2097600000001;39.44624;0;23
Хлевное;52.19469;39.0890400000001;0;23
Псков;57.81557;28.3380300000001;0;23
Великие Луки;56.33642;30.5347100000001;0;23
Гдов;58.7437200000001;27.8188200000001;0;23
Дно;57.8257800000001;29.96407;0;23
Опочка;56.70734;28.6917800000001;0;20
Пушкинские Горы;57.02635;28.9278200000001;0;22
Саратов;51.53182;46.0104200000001;0;24
Александров Гай;50.14374;48.5858900000001;0;23
Аткарск;51.87084;44.9952000000001;0;27
Базарный Карабулак;52.2674000000001;46.4151600000001;0;26
Балаково;52.01989;47.80355;0;25
Балашов;51.54416;43.1769;0;23
Ершов;51.34984;48.26739;0;24
Калининск;51.4999000000001;44.4848900000001;0;23
Красный Кут;50.9452900000001;46.97139;0;27
Маркс;51.7067200000001;46.75206;0;24
Новоузенск;50.46011;48.1400100000001;0;24
Озинки;51.1966200000001;49.7290400000001;0;24
Октябрьский Городок (Татищевский район);51.63509;45.4552400000001;0;23
Перелюб;51.86008;50.3525300000001;0;23
Петровск;52.29925;45.39714;0;25
Пугачёв;52.02369;48.81143;0;24
Росташи (Аркадакский р-н);51.8608300000001;43.5877400000001;0;20
Ртищево;52.2568800000001;43.77979;0;22
Сплавнуха (Красноармейский район);51.0690900000001;45.3781000000001;0;24
Хвалынск;52.4925700000001;48.1110400000001;0;24
Томск;56.49337;84.9481900000001;0;20
Александровское;44.7031200000001;42.99035;0;30
Бакчар;57.0253700000001;82.08558;0;23
Батурино (Асиновский р-н);57.7528300000001;85.1884400000001;0;25
Каргасок;59.0480000000001;80.8639400000001;0;24
Кедровый;57.5639800000001;79.5626300000001;0;24
Кожевниково;56.2531900000001;83.9504000000001;0;24
Колпашево;58.3100600000001;82.9089000000001;0;19
Молчаново;57.5705600000001;83.7537500000001;0;24
Новый Васюган (Каргасокский район);58.5769900000001;76.5028600000001;0;24
Парабель;58.71416;81.5011200000001;0;24
Первомайское;45.7105300000001;33.85585;0;24
Подгорное;57.7856300000001;82.65448;0;23
Средний Васюган (Каргасокский район);59.2279800000001;78.2482200000001;0;23
Старица(Парабельский район);58.13581;80.5817300000001;0;28
Орел;52.9712900000001;36.0852800000001;0;22
Болхов;53.4476700000001;36.0055600000001;0;24
Верховье;52.81111;37.23296;0;25
Дмитровск;52.50773;35.15669;0;23
Ливны;52.4226800000001;37.6480100000001;0;24
Мценск;53.27883;36.5752900000001;0;21
Казань;55.8003;49.1082700000001;0;22
Азнакаево;54.8606500000001;53.08079;0;20
Акташ Русский (Альметьевский район);55.0372300000001;52.10846;0;23
Арск;56.0916100000001;49.8811000000001;0;25
Бегишево (аэропорт);51.7727800000001;55.3219300000001;0;24
Большие Кайбицы;55.40297;48.1867300000001;0;23
Бугульма;54.5438;52.79954;0;26
Елабуга;55.7610100000001;52.04814;0;20
Зеленодольск;55.8462000000001;48.50748;0;30
Лаишево;55.40133;49.5537200000001;0;25
Мензелинск;55.7210600000001;53.1008200000001;0;28
Муслюмово;55.3092800000001;53.1979000000001;0;22
Тетюши;54.94034;48.82996;0;25
Чистополь;55.35997;50.6497600000001;0;26
Чулпаново (Нурлатский р-н);54.4827900000001;50.4096500000001;0;25
Кызыл;51.72051;94.4365900000001;0;22
Бай-Хаак;51.1640100000001;94.4694700000001;0;24
Кунгуртуг;50.5993800000001;97.5197800000001;0;20
Мугур-Аксы;50.37775;90.4419;0;22
Сарыг-Сеп;51.4921900000001;95.5599700000001;0;25
Тоора-Хем;52.46743;96.1177200000001;0;27
Туран;52.1387700000001;93.9054800000001;0;26
Тээли;51.0114100000001;90.2123800000001;0;22
Чадан;51.29175;91.5650900000001;0;29
Шагонар;51.52383;92.93183;0;28
Эрзин;50.25573;95.1624200000001;0;22
Рязань;54.62985;39.7429900000001;0;22
Елатьма (Касимовский р-н);54.9682300000001;41.7465800000001;0;19
Михайлов;54.2340500000001;39.02531;0;18
Павелец (Скопинский р-н);53.8383200000001;39.27333;0;18
Ряжск;53.71781;40.09214;0;21
Сараи;53.7300500000001;40.99731;0;18
Сасово;54.34013;41.9091700000001;0;23
Старожилово;54.2335;39.90968;0;20
Тума (Клепиковский р-н);55.1466;40.55206;0;20
Шилово;54.3135100000001;40.87978;0;17
Ижевск;56.85279;53.21167;0;20
Глазов;58.1400800000001;52.65164;0;28
Можга;56.4427000000001;52.21394;0;23
Сарапул;56.47774;53.8190900000001;0;24
Селты;57.30974;52.13933;0;20
Абакан;53.72042;91.44419;0;25
Аскиз;53.1283300000001;90.5361500000001;0;28
Бея;53.05256;90.9475100000001;0;26
Большой Он(Таштыпский район);52.0679000000001;89.7584000000001;0;20
Коммунар (Ширинский р-н);54.3476400000001;89.2834000000001;0;23
Неожиданный(Аскизский район);53.3459100000001;89.08302;0;24
Первомайское(Боградский район);54.59085;90.7781200000001;0;27
Таштып;52.78812;89.9127800000001;0;28
Чарков(Усть-Абаканский район);53.70397;90.38239;0;27
Черёмушки(Саяногорский округ);52.85243;91.4181300000001;0;23
Шира;54.4914800000001;89.9624900000001;0;27
Смоленск;54.77885;32.0514600000001;0;21
Велиж;55.60393;31.19329;0;30
Вязьма;55.2414900000001;34.30713;0;25
Гагарин;55.55348;34.9887800000001;0;21
Ельня;54.55929;33.17015;0;21
Починок;54.4115800000001;32.45761;0;24
Рославль;53.95322;32.86375;0;23
Сафоново;55.11812;33.23531;0;24
Ульяновск;54.3079200000001;48.3946300000001;0;24
Димитровград;54.2308800000001;49.5897800000001;0;24
Инза;53.8539000000001;46.3659500000001;0;23
Канадей(Николаевский район);53.16497;47.5326600000001;0;20
Сенгилей;53.95896;48.75922;0;23
Старые Алгаши (Цильнинский район);54.6615400000001;47.74296;0;23
Сурское;54.4794600000001;46.72427;0;19
Тамбов;52.7208600000001;41.4488000000001;0;26
Жердевка;51.8391700000001;41.4772;0;21
Кирсанов;52.65067;42.73168;0;22
Мичуринск;52.8971700000001;40.5037;0;26
Моршанск;53.44464;41.81192;0;23
Новопокровка (Мордовский район);52.1340300000001;40.8694800000001;0;22
Уварово;51.9442700000001;42.2463900000001;0;26
Чебоксары;56.14414;47.24674;0;23
Алатырь;54.84236;46.58622;0;23
Канаш;55.5030300000001;47.4676700000001;0;22
Порецкое;55.19658;46.3215500000001;0;22
Тверь;56.85263;35.93316;0;20
Бежецк;57.787;36.69228;0;24
Белый;55.8347200000001;32.9390000000001;0;24
Бологое;57.8858000000001;34.0498900000001;0;20
Вышний Волочек;57.5811;34.56035;0;20
Кашин;57.36069;37.6098500000001;0;25
Красный Холм;58.05361;37.1176400000001;0;24
Максатиха;57.78623;35.8758100000001;0;20
Медное (Калининский р-н);56.9273900000001;35.5035500000001;0;22
Осташков;57.1377000000001;33.1135100000001;0;19
Старица;56.5058700000001;34.93141;0;24
Торопец;56.4976500000001;31.6408200000001;0;24
Тула;54.1940700000001;37.61875;0;24
Алексин;54.50748;37.1104500000001;0;25
Волово;52.02763;37.8868400000001;0;28
Ефремов;53.1464;38.0945400000001;0;24
Плавск;53.7035000000001;37.28862;0;19
Суворов;54.12287;36.4995700000001;0;24
Узловая;53.9788600000001;38.1602800000001;0;20
Ярославль;57.6330300000001;39.88602;0;18
Брейтово;58.28675;37.86684;0;22
Гаврилов-Ям;57.3037100000001;39.8542200000001;0;20
Данилов;58.1755900000001;40.1737800000001;0;19
Переславль-Залесский;56.7411200000001;38.88133;0;20
Пошехонье;58.5037;39.13082;0;19
Ростов;57.19874;39.4145100000001;0;20
Рыбинск;58.0437200000001;38.8452;0;21
Тутаев;57.86591;39.50685;0;22
Углич;57.52639;38.31631;0;31
Майкоп;44.61373;40.1060600000001;0;23
Гузерипль (Майкопский р-н);44.00384;40.1363700000001;0;25
Даховская(Майкопский район);44.22619;40.2022600000001;0;28
Дондуковская(Гиагинский район);44.86616;40.3441300000001;0;24
Шунтук (Майкопский р-н);44.4530100000001;40.1713500000001;0;20
Благовещенск;50.2568800000001;127.54332;0;24
Архара;49.42382;130.08974;0;20
Асташиха (Бурейский р-н);49.49512;129.47621;0;25
Белогорск;50.9121900000001;128.5128;0;28
Бомнак (Зейский район);54.70827;128.84956;0;25
Братолюбовка (Ромненский район);50.7881100000001;129.42388;0;20
Джалинда (Сковородинский район);53.48769;123.89864;0;20
Екатеринославка;50.36652;129.11611;0;19
Ерофей Павлович (Сковородинский район);53.96664;121.96691;0;24
Завитинск;50.12708;129.45819;0;23
Зея;53.72925;127.22273;0;22
Магдагачи;53.4526900000001;125.82624;0;21
Мазаново;51.63124;128.82356;0;20
Малиновка (Бурейский р-н);49.7823300000001;129.85093;0;23
Норск (Селемджинский р-н);52.3384;129.90234;0;20
Октябрьский (Зейский р-н);53.0300300000001;128.65184;0;24
Поярково;49.63516;128.65172;0;30
Свободный;51.39315;128.12803;0;21
Сергеевка (Благовещенский район);50.74791;127.30162;0;23
Сковородино;53.9774200000001;123.93411;0;24
Стойба(Селемджинский район);52.7936500000001;131.70773;0;19
Тыгда (Магдагачинский р-н);53.1057500000001;126.3354;0;23
Тында;55.1494200000001;124.72563;0;17
Усть-Нюкжа(Тындинский район);56.5630200000001;121.59569;0;25
Усть-Уркима(Тындинский район);55.3188700000001;123.16613;0;18
Ушаково (Шимановский р-н);51.8785;126.56475;0;20
Февральск;52.4593400000001;130.86923;0;19
Черняево(Магдагачинский район);52.79785;126.00206;0;20
Шимановск;52.0027200000001;127.68705;0;23
Экимчан;53.0687300000001;132.94032;0;19
Курган;55.47902;65.31827;0;33
Далматово;56.25928;63.0113200000001;0;21
Звериноголовское;54.4615000000001;64.85078;0;28
Макушино;55.20534;67.2487800000001;0;27
Шадринск;56.1373400000001;63.6755000000001;0;34
Шатрово;56.5111400000001;64.6347700000001;0;24
Шумиха;55.22436;63.2826000000001;0;24
Махачкала;42.98267;47.4715400000001;0;33
Ахты;41.4712000000001;47.72997;0;23
Бабаюрт;43.59434;46.78112;0;23
Буйнакск;42.8192300000001;47.1226500000001;0;25
Гуниб;42.3880100000001;46.9626700000001;0;26
Дербент;42.0524300000001;48.2796700000001;0;25
Избербаш;42.56516;47.87143;0;29
Касумкент;41.6766900000001;48.15916;0;13
Кизляр;43.8463600000001;46.71068;0;29
Кочубей (Тарумовский р-н);44.38257;46.55607;0;29
Кумух;42.17064;47.1182000000001;0;20
Куппа (Левашинский р-н);42.4259000000001;47.1215800000001;0;28
Сергокала;42.45018;47.6648500000001;0;27
Терекли-Мектеб;44.16472;45.8655400000001;0;22
Тлярата;42.1067400000001;46.35247;0;29
Хасавюрт;43.2316500000001;46.5952100000001;0;23
Хунзах;42.54364;46.70579;0;35
Южно-Сухокумск;44.6616900000001;45.65945;0;29
Астрахань;46.34927;48.0338400000001;0;25
Верхний Баскунчак (Ахтубинский район);48.23555;46.7233900000001;0;22
Досанг (Красноярский р-н);46.9083600000001;47.91682;0;24
Зеленга (Володарский р-н);46.17724;48.6040100000001;0;28
Лиман;48.9965800000001;37.79546;0;22
Харабали;47.4171900000001;47.2365100000001;0;28
Чёрный Яр;48.06001;46.10272;0;24
Биробиджан;48.78799;132.93066;0;24
Екатерино-Никольское (Октябрьский район);47.75559;130.96769;0;18
Ленинское;47.9333500000001;132.62192;0;24
Облучье;48.98256;131.06318;0;20
Смидович;48.5981200000001;133.79145;0;23
Екатеринбург;56.8376400000001;60.59891;0;25
Алапаевск;57.8510200000001;61.69372;0;23
Бисерть;56.8593500000001;59.0496400000001;0;24
Верхнее Дуброво;56.7538900000001;61.03837;0;19
Верхотурье;58.8605900000001;60.8122500000001;0;24
Висим (Горноуральский о.);58.0645900000001;59.9072600000001;0;22
Гари;59.42668;62.35524;0;25
Ивдель;60.6947000000001;60.4159500000001;0;26
Ирбит;57.6838700000001;63.0575600000001;0;22
Каменск-Уральский;56.4160200000001;61.9166200000001;0;17
Камышлов;56.84853;62.6926;0;21
Красноуфимск;56.61875;57.7717500000001;0;20
Кушва;58.28448;59.7623600000001;0;21
Кытлым (ГО Карпинск);59.49915;59.20075;0;24
Михайловск (Нижнесергинский район);56.43611;59.1208500000001;0;20
Невьянск;57.48956;60.21738;0;24
Нижний Тагил;57.90765;59.97123;0;30
Ревда;56.8174100000001;59.92409;0;20
Североуральск;60.1565100000001;59.9311700000001;0;25
Серов;59.6057400000001;60.56796;0;24
Сысерть;56.5020400000001;60.81026;0;21
Таборы;58.52095;64.5588300000001;0;26
Тавда;58.04175;65.2714500000001;0;23
Туринск;58.03119;63.7017900000001;0;25
Шамары (Шалинский ГО);57.33736;58.21833;0;20
Назрань;43.2286;44.7553300000001;0;30
Волгоград;48.7040700000001;44.4518;0;27
Даниловка;50.3690300000001;44.12084;0;25
Елань;50.9474500000001;43.7575200000001;0;24
Иловля;49.3032900000001;43.9853400000001;0;21
Калач-на-Дону;48.7019100000001;43.4959400000001;0;21
Камышин;50.08617;45.40153;0;29
Котельниково;47.63838;43.12096;0;25
Михайловка;50.05987;43.2391400000001;0;22
Нижний Чир (Суровикинский район);48.3738300000001;43.09148;0;28
Новоаннинский;50.53797;42.6779500000001;0;24
Ольховка;49.86357;44.5496400000001;0;24
Палласовка;50.06127;46.86033;0;22
Рудня;54.9473800000001;31.08743;0;23
Серафимович;49.5848700000001;42.73508;0;24
Урюпинск;50.8149500000001;42.02081;0;29
Фролово;49.7590300000001;43.65991;0;23
Эльтон (Палласовский р-н);49.13766;46.84126;0;30
Петропавловск-Камчатский;53.0586700000001;158.63259;0;37
Апука (Олюторский район);60.4423600000001;169.60612;0;40
Долиновка(Мильковский район);55.1208600000001;159.06617;0;18
Кавалерское(Усть-Большерецкий р-н);52.9278600000001;156.57363;0;34
Каменское;48.5146700000001;34.61816;0;29
Ключи;52.2509400000001;79.1695800000001;0;29
Козыревск(Усть-Камчатский район);56.0491000000001;159.8742;0;30
Корф (Олюторский район);60.3767500000001;166.02312;0;30
Мильково;54.69068;158.60934;0;20
Начики (Елизовский р-н);53.1232400000001;157.75032;0;25
Никольское;59.70243;30.7845800000001;0;38
Озерновский;51.4972700000001;156.50801;0;51
Оссора;59.24233;163.0688;0;29
Светлый (Елизовский р-н);53.0833400000001;158.56957;0;29
Соболево;54.29805;155.94548;0;29
Сосновка (Елизовский р-н);53.08169;158.29997;0;21
Тигиль;57.7572200000001;158.68437;0;24
Усть-Камчатск;56.2391700000001;162.53095;0;35
Усть-Хайрюзово (Тигильский район);57.0944400000001;156.73986;0;29
Эссо;55.9275400000001;158.70783;0;23
Тюмень;57.15353;65.5353400000001;0;25
Вагай;57.9353800000001;69.01275;0;24
Викулово;56.81899;70.6184500000001;0;22
Голышманово;56.39536;68.373;0;25
Демьянское (Уватский р-н);59.5940900000001;69.3255800000001;0;19
Ишим;56.10918;69.46633;0;27
Камышинка (Абатский р-н);56.1324200000001;70.6652000000001;0;21
Сладково;55.53002;70.34076;0;25
Тобольск;58.2276400000001;68.2740000000001;0;21
Уват;59.14266;68.8955500000001;0;23
Ялуторовск;56.65464;66.3124500000001;0;34
Ярково;57.4083000000001;67.0558600000001;0;28
Нальчик;43.4983;43.6300600000001;0;25
Прохладный;43.7703300000001;44.0126100000001;0;23
Элиста;46.3085800000001;44.2698500000001;0;28
Артезиан (Черноземельский район);44.9451700000001;46.6661700000001;0;21
Городовиковск;46.0862000000001;41.92517;0;28
Ики-Бурул;45.8243800000001;44.64833;0;28
Кетченеры;47.30972;44.51784;0;27
Комсомольский;54.4401300000001;45.8278800000001;0;24
Лагань;45.3935500000001;47.3543300000001;0;28
Малые Дербеты;47.9625600000001;44.6673700000001;0;23
Утта (Яшкульский район);46.3653100000001;46.0083100000001;0;30
Юста;47.1209200000001;46.2979500000001;0;28
Яшкуль;46.1717800000001;45.34115;0;30
Магадан;59.5652200000001;150.80468;0;30
Мадаун (Тенькинский р-н);60.61422;150.7082;0;18
Ола;59.5729000000001;151.29373;0;27
Омсукчан;62.51766;155.76839;0;18
Палатка;60.1008600000001;150.93915;0;21
Сеймчан;62.9326600000001;152.39387;0;22
Сусуман;62.7839000000001;148.11316;0;27
Талая (Хасынский район);61.13097;152.39028;0;14
Талон (Ольский район);59.7565200000001;148.65944;0;19
Усть-Омчуг;61.13399;149.63343;0;20
Эвенск;61.9191200000001;159.23633;0;35
Ягодное;62.5192300000001;149.62608;0;17
Ханты-Мансийск;61.0031500000001;69.0160300000001;0;20
Алтай (Кондинский район);60.33459;68.96502;0;22
Берёзово;63.94183;65.0389400000001;0;27
Ваховск (Нижневартовский район);60.9532300000001;78.78033;0;22
Игрим;63.1958900000001;64.43134;0;23
Казым (Белоярский район);63.7014600000001;67.24296;0;24
Когалым;62.26676;74.47862;0;27
Кондинское;56.1022300000001;64.4274600000001;0;23
Корлики(Нижневартовский район);61.5368;82.41432;0;20
Ларьяк(Нижневартовский район);61.1017900000001;80.2609;0;24
Леуши (Кондинский район);59.6313500000001;65.72857;0;24
Нефтеюганск;61.0918300000001;72.6152700000001;0;26
Нижневартовск;60.96639;76.53078;0;27
Нижнесортымский (Сургутский район);62.44971;71.7695900000001;0;24
Няксимволь(Берёзовский район);62.42798;60.8653600000001;0;22
Октябрьское;54.4837200000001;53.47851;0;23
Радужный;62.13154;77.4564;0;23
Салым(Нефтеюганский район);60.06109;71.4403600000001;0;22
Саранпауль(Берёзовский район);64.26892;60.88401;0;21
Советский;61.36312;63.57543;0;23
Сосьва (Берёзовский р-н);63.64797;62.0841;0;26
Сургут;61.25505;73.43602;0;23
Сытомино (Сургутский р-н);61.3071800000001;71.2974300000001;0;22
Угут (Сургутский район);60.51604;74.0583300000001;0;28
Унъюган;61.9459100000001;64.94109;0;22
Чантырья (Кондинский р-н);60.32478;64.1974500000001;0;24
Черкесск;44.22938;42.04727;0;25
Архыз (Зеленчукский р-н);43.5653600000001;41.27925;0;21
Зеленчукская;43.8550500000001;41.5868400000001;0;19
Кичи-Балык (Малокарачаевский район);43.79058;42.65214;0;32
Теберда;43.44104;41.7414200000001;0;23
Краснодар;45.0357300000001;38.9765100000001;0;24
Адлер;43.43611;39.9319300000001;0;26
Аибга (Сочи);43.5874600000001;40.19473;0;33
Анапа;44.9302900000001;37.32268;0;29
Армавир;45.00165;41.1269500000001;0;28
Белая Глина;46.0652000000001;40.87838;0;27
Белореченск;44.76912;39.88431;0;24
Геленджик;44.59531;38.0477500000001;0;39
Горный (Туапсинский р-н);44.28524;39.27995;0;30
Горячий Ключ;44.63374;39.1381900000001;0;26
Джубга (Туапсинский р-н);44.3148200000001;38.70133;0;27
Должанская (Ейский р-н);46.63912;37.8127900000001;0;25
Ейск;46.67256;38.3013500000001;0;23
Каневская;46.0623600000001;38.9594900000001;0;22
Кореновск;45.46295;39.44588;0;23
Красная Поляна (Сочи);43.6795300000001;40.20505;0;17
Кропоткин;45.4299300000001;40.53722;0;21
Крымск;44.93053;37.9854700000001;0;28
Кущёвская;46.5491900000001;39.64469;0;22
Лабинск;44.6468300000001;40.7348200000001;0;26
Новороссийск;44.7236;37.7669300000001;0;44
Отрадная;44.40486;41.50845;0;26
Павловская;46.13699;39.7840600000001;0;23
Приморско-Ахтарск;46.0498200000001;38.2035700000001;0;20
Псебай (Мостовской р-н);44.1717100000001;40.8408600000001;0;23
Сенной (Темрюкский р-н);45.2998400000001;37.0062100000001;0;27
Славянск-на-Кубани;45.2245300000001;38.1094000000001;0;27
Сочи;43.61715;39.7245;0;25
Староминская;46.5156200000001;39.06516;0;24
Темрюк;45.2661600000001;37.41905;0;26
Тимашёвск;45.6000900000001;38.9507400000001;0;23
Тихорецк;45.85578;40.1268700000001;0;27
Туапсе;44.1008;39.0935000000001;0;31
Усть-Лабинск;45.2096500000001;39.6912100000001;0;25
Владивосток;43.11566;131.8859;0;36
Агзу (Тернейский район);47.5909600000001;138.3919;0;22
Анучино;43.9587900000001;133.05627;0;20
Барабаш (Хасанский р-н);43.18568;131.49491;0;24
Глубинное (Красноармейский район);46.0677900000001;135.3897;0;20
Дальнереченск;45.92456;133.77381;0;22
Заветное (Чугуевский р-н);44.70809;134.6991;0;22
Камень-Рыболов;44.73314;132.04053;0;28
Кировский;45.0966300000001;133.49756;0;22
Красный Яр(Пожарский район);46.5434300000001;135.36488;0;18
Лазо;43.37701;133.89894;0;22
Лесозаводск;45.4631400000001;133.39256;0;24
Малая Кема(Тернейский район);45.4121500000001;137.15607;0;25
Находка;42.82507;132.89394;0;29
Ольга;43.7452200000001;135.2843;0;26
Партизанск;43.11931;133.1234;0;25
Пограничный;44.3911000000001;131.38389;0;27
Полтавка (Октябрьский р-н);44.02739;131.32476;0;24
Посьет (Хасанский район);42.6532700000001;130.80537;0;34
Преображение;42.9041500000001;133.91408;0;29
Рудная Пристань (Дальнегорский округ);44.36702;135.81777;0;31
Светлая (Тернейский р-н);46.54134;138.32969;0;34
Терней;45.04974;136.61537;0;39
Турий Рог (Ханкайский р-н);45.2384900000001;131.97907;0;24
Уссурийск;43.7972300000001;131.95181;0;22
Хороль;44.4278800000001;132.07709;0;26
Хрустальный (Кавалеровский район);44.3498700000001;135.09663;0;25
Чкаловское (Спасский р-н);44.8376200000001;133.04393;0;23
Чугуевка;44.1561;133.86074;0;19
Челябинск;55.16306;61.3887700000001;0;24
Аргаяш;55.48197;60.8812;0;23
Бреды;52.4303600000001;60.3103;0;26
Бродокалмак (Красноармейский район);55.56458;62.07626;0;24
Верхний Уфалей;56.0309100000001;60.26005;0;22
Златоуст;55.2111800000001;59.64896;0;23
Карталы;53.0563700000001;60.64122;0;24
Катав-Ивановск;54.75336;58.2042500000001;0;19
Кизильское;52.7339000000001;58.8823;0;23
Магнитогорск;53.4076700000001;58.9855700000001;0;23
Миасс;55.0824900000001;60.1250200000001;0;21
Троицк;54.0832500000001;61.55976;0;28
Владикавказ;43.0302;44.6677300000001;0;30
Алагир;43.02615;44.2261;0;21
Моздок;43.74438;44.65227;0;28
Ростов-на-Дону;47.22691;39.7167600000001;0;26
Белая Калитва;48.19638;40.77088;0;24
Боковская;49.21774;41.8247400000001;0;21
Гигант (Сальский район);46.5182600000001;41.33793;0;26
Зерноград;46.85553;40.3163900000001;0;24
Зимовники;47.15245;42.46383;0;24
Казанская;45.40709;40.44437;0;27
Каменск-Шахтинский;48.2985800000001;40.24359;0;24
Константиновск;47.57748;41.1202900000001;0;22
Матвеев-Курган;47.57201;38.8632900000001;0;22
Миллерово;48.9182000000001;40.40016;0;28
Морозовск;48.35071;41.82606;0;28
Ремонтное;46.5758700000001;43.6422600000001;0;34
Семикаракорск;47.5143600000001;40.7988;0;23
Таганрог;47.2290800000001;38.8824300000001;0;28
Цимлянск;47.64311;42.0966100000001;0;25
Чертково;49.3801800000001;40.1480100000001;0;20
Шахты;47.79799;40.1231000000001;0;27
Якутск;61.9765100000001;129.66756;0;20
Алдан;58.63235;125.40416;0;24
Амга;60.8944900000001;131.95167;0;24
Андрюшкино (Нижнеколымский район);69.1732000000001;154.44064;0;25
Батагай;67.6597100000001;134.65271;0;19
Бердигестях;62.1039500000001;126.68716;0;16
Бестях (Жиганский район);45.7768800000001;47.2329;0;20
Верхневилюйск;63.4499300000001;120.30388;0;19
Верхоянск;67.5548200000001;133.38995;0;22
Вилюйск;63.7526100000001;121.62297;0;22
Витим (Ленский район);62.1831500000001;49.08527;0;25
Депутатский;69.38993;139.90268;0;24
Жиганск;66.76606;123.37583;0;25
Исит (Хангаласский р-н);60.81552;125.33145;0;15
Казачье (Усть-Янский р-н);70.7384400000001;136.21599;0;30
Колымское (Нижнеколымский район);68.7314400000001;158.6988;0;18
Крестях (Сунтарский р-н);62.2534400000001;116.1649;0;19
Кюсюр (Булунский район);51.1514300000001;53.0190400000001;0;30
Ленск;60.7308800000001;114.92649;0;26
Мача (Олёкминский район);56.21083;33.4824300000001;0;19
Мирный;62.5341700000001;113.9816;0;19
Намцы;62.71824;129.66208;0;17
Нюрба;63.2847800000001;118.33783;0;19
Оймякон;63.45995;142.7854;0;21
Олёкминск;60.3737;120.40007;0;24
Оленёк;68.5051100000001;112.44534;0;30
Покровск;48.2824200000001;37.17776;0;21
Сангар;63.9229500000001;127.46931;0;22
Саскылах;71.96162;114.09078;0;30
Себян-Кюёль(Кобяйский район);52.21189;24.3555900000001;0;22
Сегян-Кюёль(Кобяйский район);52.21189;24.3555900000001;0;22
Среднеколымск;67.45165;153.7015;0;17
Сунтар;62.1498700000001;117.6312;0;22
Тёплый Ключ(Томпонский район);62.7844000000001;136.8012;0;14
Тикси;71.6383500000001;128.86224;0;39
Томмот (Алданский район);58.9591276139219;126.274216205937;0;22
Тяня (Олёкминский район);56.21083;33.4824300000001;0;20
Усть-Куйга(Усть-Янский район);61.0869300000001;43.15133;0;21
Усть-Мая;60.41303;134.52645;0;19
Усть-Нера;64.56071;143.22901;0;19
Хонуу;66.4536000000001;143.225;0;22
Чагда (Алданский район);58.7422100000001;130.61315;0;16
Чернышевский(Мирнинский район);63.02878;112.48368;0;28
Черский;68.7568200000001;161.34078;0;36
Чокурдах;70.6183600000001;147.89498;0;23
Чульман(Нерюнгринский район);56.86244;124.89171;0;23
Чурапча;61.99931;132.43386;0;16
Эйик (Оленёкский район);56.21083;33.4824300000001;0;24
Салехард;66.53049;66.61429;0;25
Антипаюта (Тазовский р-н);69.1027100000001;76.8598600000001;0;33
Красноселькуп;65.70518;82.4579400000001;0;31
Мужи;65.40529;64.70104;0;25
Надым;65.5330900000001;72.5289100000001;0;24
Новый Порт(Ямальский район);67.6915900000001;72.8936;0;29
Новый Уренгой;66.0871700000001;76.6580700000001;0;31
Ноябрьск;63.19791;75.4439;0;28
Ныда (Надымский район);66.6267;72.93438;0;28
Пангоды (Надымский р-н);65.84342;74.4673100000001;0;27
Питляр (Шурышкарский р-н);65.8387000000001;65.9123000000001;0;24
Сёяха (Ямальский район);70.1656600000001;72.5070000000001;0;38
Тазовский;67.47148;78.7098800000001;0;29
Тарко-Сале;64.9163800000001;77.7790900000001;0;29
Толька (Красноселькупский р-н);64.0019300000001;82.0485400000001;0;24
Уренгой (Пуровский р-н);65.9619700000001;78.3745500000001;0;24
Халясавэй (Пуровский р-н);63.3829400000001;78.3252200000001;0;23
Ставрополь;45.0516700000001;41.99359;0;33
Александровское;44.7031200000001;42.99035;0;23
Арзгир;45.3620700000001;44.2013700000001;0;30
Благодарный;45.10362;43.4370500000001;0;24
Будённовск;44.7803400000001;44.1735;0;30
Георгиевск;44.1475600000001;43.47475;0;19
Дивное;45.90779;43.3370200000001;0;25
Зеленокумск;44.4221400000001;43.8680800000001;0;24
Изобильный;45.35754;41.69897;0;24
Кисловодск;43.91072;42.7162700000001;0;27
Красногвардейское;45.8443800000001;41.5066100000001;0;24
Минеральные Воды;44.1979000000001;43.12298;0;26
Невинномысск;44.62269;41.9483500000001;0;25
Новоалександровск;45.4957200000001;41.2154100000001;0;21
Рощино (Курский район);44.1463800000001;45.2039100000001;0;19
Светлоград;45.33903;42.8367400000001;0;25
Южно-Сахалинск;46.9592000000001;142.73856;0;38
Александровск-Сахалинский;50.8966600000001;142.16116;0;34
Вал (Ногликский округ);52.33529;143.06759;0;28
Долинск;47.3204700000001;142.79031;0;29
Ильинское(Томаринский округ);47.99019;142.20156;0;35
Корсаков;46.6359;142.78236;0;33
Курильск;45.2247100000001;147.88318;0;44
Макаров;48.6247900000001;142.78715;0;29
Малокурильское(Южно-Курильский округ);43.86447;146.81819;0;40
Москальво (Охинский о.);53.58214;142.51317;0;36
Невельск;46.68951;141.86035;0;41
Ноглики;51.7985;143.14767;0;28
Ныш (Ногликский округ);51.5358000000001;142.75612;0;27
Онор (Смирныховский о.);50.18888;142.67601;0;24
Оха;53.59468;142.94297;0;33
Первомайск (Смирныховский округ);49.9662200000001;143.26672;0;26
Пильво (Смирныховский о.);50.04204;142.17782;0;31
Поронайск;49.2187900000001;143.10137;0;28
Северо-Курильск;50.66704;156.11234;0;43
Стародубское(Долинский округ);47.4097300000001;142.81316;0;29
Тымовское;50.85454;142.65701;0;29
Углегорск;49.07966;142.06442;0;40
Холмск;47.0559400000001;142.0493;0;34
Южно-Курильск;44.03009;145.86056;0;39
Грозный;43.3392000000001;45.7039500000001;0;21
Гудермес;43.34043;46.1003700000001;0;24
Наурская;43.64669;45.31519;0;25
Шатой;42.87165;45.6905600000001;0;20
Гудермес;43.34043;46.1003700000001;0;18
Хабаровск;48.50917;135.07437;0;24
Арка (Охотский район);60.08432;142.33281;0;19
Аян;56.46158;138.17008;0;35
Бикин;46.8105200000001;134.29026;0;24
Бичевая (р-н имени Лазо);47.7702100000001;135.62579;0;20
Богородское;56.50118;38.17688;0;26
Бриакан(р-н им. Полины Осипенко);52.3173800000001;135.83682;0;20
Вяземский;47.5229;134.77043;0;20
Георгиевка (р-н им. Лазо);47.95385;135.24201;0;20
Горин (Солнечный район);51.20664;136.67433;0;19
Елабуга (Хабаровский р-н);48.8001800000001;135.86558;0;24
Комсомольск-на-Амуре;50.5505000000001;137.00886;0;24
Лермонтовка(Бикинский район);47.14412;134.34847;0;30
Литовко (Амурский район);49.23949;135.17593;0;24
Мариинское (Ульчский р-н);51.7256300000001;140.17828;0;24
Николаевск-на-Амуре;53.1372700000001;140.72748;0;24
Охотск;59.3632000000001;143.24075;0;29
Переяславка;47.95599;135.05251;0;16
имени Полины Осипенко;52.42404;136.48526;0;31
Советская Гавань;48.9673100000001;140.28479;0;34
Софийск (Верхнебуреинский район);52.2558100000001;133.99159;0;23
Троицкое;49.4406300000001;136.55566;0;22
Тумнин (Ванинский район);49.67152;140.10798;0;17
Тырма(Верхнебуреинский район);50.0471200000001;132.18283;0;19
Удское(Тугуро-Чумиканский р-н);54.5098;134.41178;0;20
Циммермановка(Ульчский район);51.3415200000001;139.24557;0;20
Чегдомын;51.1330100000001;132.96638;0;17
Чекунда (Верхнебуреинский район);50.8640800000001;132.25778;0;20
Чумикан;54.7160500000001;135.30822;0;28
Анадырь;64.7358800000001;177.50825;0;47
Билибино;68.05584;166.44928;0;21
Биллингс (Чаунский район);69.7047900000001;170.3291;0;28
Илирней (Билибинский р-н);67.2555600000001;167.95809;0;23
Канчалан (Анадырский р-н);65.1770700000001;176.76408;0;33
Марково (Анадырский р-н);64.6814200000001;170.41232;0;20
Омолон (Билибинский р-н);65.23314;160.53843;0;24
Певек;69.7040200000001;170.32088;0;51
Провидения;64.4247100000001;-173.22258;0;32
Уэлен (Чукотский район);66.16094;-169.82162;0;35
Эгвекинот;66.32043;-179.12021;0;34
